2212717
2045417
2194514
2190424
1998388
2190822
2185936
2186099
2185725
2055179
2197960
2169780
2166800
1952901
2040284
2156441
2076659
2084559
2111575
2029290
1996067
2045127
2046132
2005593
2004195
1995596
1916136
1603136
1872783
1886776
1870057
1848011
1807701
1807736
1037744
768338
1767291
1684215
1648596
1435902
1721949
1664354
1686256
1696855
1636687
1446650
1568481
1612162
1584956
1555816
1572100
1410968
1093379
811908
206487
1097046
1164291
1020243
980826
1003019
1082635
1055510
1056581
1049362
998335
1008772
919187
816373
671597
882086
511326
884845
885621
871329
848977
825993
809992
745213
489259
738656
757718
509121
734357
725852
685725
447879
665562
352375
273849
529212
526158
456938
440068
449207
410476
408441
377622
290440
317273
389343
376552
364167
362321
361045
354019
299403
235491
288950
319976
212382
312042
302183
257565
251951
196171
297507
215381
263765
260117
262547
263033
255003
264109
257623
114555
193972
176832
184097
90784
178426
203845
151219
170223
123409
158899
166337
162737
137947
167091
173051
179756
155288
158075
155973
114156
166038
155457
145573
146791
138188
151033
148003
128761
147745
123687
119359
121906
153971
129356
142937
124390
145909
141505
108948
130504
113251
125785
134998
84014
131361
132118
107781
129077
136889
114750
121989
103372
107216
130187
122745
76372
124866
120178
121716
61711
118383
112399
113283
113686
78211
54409
100040
100252
114993
64535
97932
107647
102653
71856
76709
95609
96796
95533
89979
68926
90777
76662
88465
71143
81109
81051
85585
92845
67093
65950
87116
88616
83333
54817
79544
64252
45148
62141
63056
76115
70257
66968
75509
73903
52709
70046
75761
68717
62205
59812
33819
26932
67133
56994
61846
59429
48523
54620
56791
61687
60136
60214
60785
55226
44222
45621
57262
43510
49941
51755
54529
37003
45074
54308
53438
47757
42997
48779
39578
47135
53853
49568
47330
48667
45069
48572
46528
43229
48792
46196
44630
48987
38867
42141
42338
39990
44562
28649
43292
32120
43422
38379
40893
42311
36043
38496
32785
29373
44527
27677
41933
40923
42356
30229
35116
41615
38013
23355
38566
36790
29705
41134
32430
39194
38366
33575
34727
32351
38959
38074
12177
28332
32786
27999
30970
30296
29616
34953
27701
35152
30569
32510
33410
27862
27959
22212
30865
30877
23102
25498
29417
10099
21870
14568
28372
25025
23787
25070
28900
26093
28430
26742
25671
26605
27309
27169
23857
27148
23437
20865
17782
24183
24304
25605
23291
21828
25637
25403
26097
25252
24523
25241
19705
21457
24597
25158
20342
21566
14952
23507
21301
23521
22014
23238
21915
22607
22775
21342
22229
21928
18137
22847
22331
22401
22646
22301
5210
21657
19976
20723
18486
20309
15630
20961
20044
17812
17137
20245
11577
20025
7426
19874
18751
11839
9138
17912
17148
16845
18299
18918
17610
16553
16733
17941
16466
17270
15740
17384
15650
16035
15977
16913
14798
16069
16618
16773
16549
16155
15549
13860
14572
15579
15097
15893
13767
15241
14440
13872
11478
14774
14104
14778
14622
12539
13879
14171
13776
12688
13614
13305
12874
13188
13786
13191
13216
13628
12127
12669
12557
12758
12421
12710
12768
12052
11715
11674
12302
11851
11455
9734
9697
9738
11158
12387
11965
10909
11792
10410
11693
11383
8149
10278
9003
9683
9682
7719
9473
8078
8261
8652
9825
9394
9609
9019
8204
8951
7849
9390
8892
8974
7075
8707
8931
8208
8930
8126
8216
7076
8420
7612
5394
7190
4081
6339
6598
6150
5812
4638
5672
5616
5139
4887
5275
4328
5357
4132
4598
4039
4713
4297
4597
4113
3890
3912
3566
3664
3740
3074
3696
3463
3000
3027
3191
2904
2506
1806
119
302
